instance_name long_n0120_r030_240
instance_group long
rsi_range 0 838
rsi_min_max_distance 30 240
num_nodes 120
original_rsis
0
1
2
461
459
48
49
50
204
206
205
19
18
20
463
462
464
471
472
473
445
444
446
419
418
417
88
87
89
67
66
68
451
452
450
52
53
51
414
415
416
60
61
62
138
139
140
437
435
436
141
142
143
150
151
152
495
497
496
39
40
41
1
0
2
1
224
222
223
225
227
226
108
110
27
29
28
453
454
455
0
0
0
0
0
0
0
0
0
0
0
0
0
0
0
0
0
0
0
0
0
0
0
0
0
0
0
0
0
0
0
0
0
0
0
0
0
0
0
0
num_neighbors 662
0 1
0 2
0 14
0 16
0 23
0 24
0 68
0 71
1 2
1 15
1 16
1 23
1 24
1 25
2 16
2 23
2 24
2 25
2 39
2 71
3 4
3 8
3 10
3 44
3 46
3 47
3 48
3 49
3 50
3 51
3 52
3 53
3 54
3 55
4 10
4 48
4 49
4 52
4 53
4 55
5 6
5 7
5 11
5 13
5 21
5 26
5 27
5 28
5 29
5 30
5 35
5 37
5 56
5 57
5 58
5 69
5 87
5 91
5 110
5 117
6 7
6 11
6 13
6 15
6 27
6 29
6 30
6 31
6 41
6 43
6 57
6 61
6 69
6 70
6 74
6 76
7 13
7 14
7 20
7 21
7 24
7 27
7 28
7 29
7 31
7 57
7 58
7 66
7 67
7 69
7 71
7 119
8 9
8 10
8 44
8 45
8 46
8 47
8 48
8 49
8 50
8 51
8 54
8 55
9 10
9 23
9 38
9 45
9 47
9 48
9 51
9 54
10 46
10 47
10 48
10 49
10 54
10 55
11 12
11 13
11 26
11 29
11 30
11 32
11 33
11 34
11 35
11 36
11 37
11 56
11 59
11 62
11 72
11 77
11 78
11 80
11 81
11 83
11 85
11 86
11 87
11 88
11 90
11 91
11 92
11 93
11 94
11 96
11 97
11 98
11 99
11 103
11 104
11 105
11 106
11 107
11 108
11 109
11 110
11 111
11 113
11 114
11 115
11 116
11 117
11 118
11 119
12 13
12 31
12 36
12 37
12 41
12 42
12 43
12 59
12 60
12 61
12 62
12 63
12 64
12 72
12 74
12 75
12 76
13 14
13 26
13 27
13 29
13 30
13 31
13 37
13 41
13 43
13 56
13 58
13 61
13 69
13 70
13 71
13 72
13 74
13 111
14 15
14 16
14 20
14 21
14 23
14 24
14 29
14 39
14 66
14 67
14 68
14 69
14 71
15 16
15 24
15 70
15 71
16 23
16 24
16 25
16 71
17 18
17 19
17 20
17 22
17 23
17 39
17 66
18 19
18 23
18 39
19 23
19 38
19 39
20 21
20 22
20 29
20 66
20 67
20 71
21 22
21 24
21 27
21 29
21 57
21 66
21 67
21 68
21 69
21 71
22 23
22 38
22 39
22 66
23 24
23 25
23 38
23 39
23 40
23 48
23 68
23 71
24 25
24 29
24 39
24 48
24 67
24 68
24 69
24 71
25 39
26 27
26 28
26 29
26 30
26 35
26 37
26 56
26 110
26 117
27 28
27 29
27 30
27 31
27 37
27 56
27 57
27 58
28 29
28 56
28 57
28 58
28 69
29 30
29 31
29 37
29 56
29 57
29 58
29 69
29 71
30 31
30 35
30 37
30 41
30 56
30 87
30 92
30 110
30 117
30 119
31 37
31 41
31 43
31 61
31 69
31 70
31 72
31 74
31 76
32 33
32 34
32 35
32 36
32 77
32 86
32 87
32 88
32 90
32 91
32 96
32 97
32 99
32 102
32 108
32 109
32 110
32 111
32 112
32 113
32 114
32 117
32 118
33 34
33 35
33 117
34 35
34 117
35 36
35 37
35 59
35 62
35 63
35 77
35 78
35 81
35 82
35 83
35 84
35 85
35 86
35 87
35 88
35 89
35 91
35 94
35 96
35 97
35 98
35 102
35 103
35 105
35 108
35 109
35 110
35 111
35 112
35 113
35 114
35 115
35 117
35 118
35 119
36 37
36 42
36 59
36 60
36 62
36 63
36 64
36 72
36 74
36 75
36 77
36 78
36 79
36 81
36 85
36 86
36 87
36 90
36 93
36 94
36 95
36 96
36 98
36 99
36 103
36 107
36 109
36 110
36 116
36 117
36 118
36 119
37 41
37 56
37 58
37 59
37 61
37 62
37 72
37 110
37 117
38 39
38 40
38 48
38 65
39 40
39 48
39 71
40 65
41 42
41 43
41 61
41 72
41 74
42 43
42 59
42 60
42 61
42 62
42 64
42 72
42 74
42 75
42 87
43 60
43 61
43 64
43 72
43 74
43 76
43 87
44 45
44 46
44 47
44 50
44 51
44 53
45 46
45 47
45 51
45 54
46 47
46 49
46 50
46 51
46 52
46 53
46 54
46 55
47 48
47 49
47 50
47 51
47 52
47 53
47 54
47 55
48 49
48 55
49 52
49 53
49 54
49 55
50 51
50 52
50 53
51 52
51 53
51 54
52 53
52 54
52 55
53 54
53 55
54 55
56 57
56 58
56 110
56 117
57 58
59 60
59 61
59 62
59 72
59 74
59 77
59 78
59 81
59 83
59 84
59 86
59 87
59 90
59 92
59 93
59 94
59 96
59 97
59 99
59 104
59 107
59 109
59 116
59 117
59 119
60 61
60 62
60 63
60 64
60 72
60 74
60 75
60 76
61 62
61 69
61 72
61 74
61 76
62 63
62 64
62 72
62 74
62 77
62 78
62 79
62 81
62 85
62 86
62 87
62 90
62 92
62 93
62 94
62 96
62 99
62 104
62 107
62 109
62 111
62 113
62 114
62 115
62 116
62 117
62 119
63 64
63 75
63 78
63 95
63 119
64 72
64 73
64 74
64 75
64 76
66 67
66 68
66 71
67 68
67 71
68 71
69 70
69 71
70 71
72 73
72 74
72 75
72 76
73 76
74 75
74 76
74 86
74 87
75 76
77 78
77 79
77 81
77 86
77 87
77 88
77 89
77 90
77 91
77 93
77 96
77 97
77 99
77 102
77 104
77 108
77 109
77 110
77 111
77 113
77 114
77 116
77 117
77 118
77 119
78 79
78 83
78 86
78 87
78 89
78 90
78 91
78 92
78 93
78 94
78 95
78 96
78 97
78 98
78 99
78 100
78 101
78 102
78 103
78 104
78 105
78 106
78 107
78 109
78 112
78 114
78 115
78 116
78 118
78 119
79 87
79 90
79 93
79 95
79 96
79 99
79 104
79 116
gamma 0.04
delta 0.88
num_stages 12
num_trajectories 50
 0 1 1 0 0 0 0 0 0 0 0 0 0 0 1 0 1 0 0 0 0 0 0 1 1 0 0 0 0 0 0 0 0 0 0 0 0 0 0 0 0 0 0 0 0 0 0 0 0 0 0 0 0 0 0 0 0 0 0 0 0 0 0 0 0 0 0 0 1 0 0 1 0 0 0 0 0 0 0 0 0 0 0 0 0 0 0 0 0 0 0 0 0 0 0 0 0 0 0 0 0 0 0 0 0 0 0 0 0 0 0 0 0 0 0 0 0 0 0 0 1 0 1 0 0 0 0 0 0 0 0 0 0 0 0 1 1 0 0 0 0 0 0 1 1 1 0 0 0 0 0 0 0 0 0 0 0 0 0 0 0 0 0 0 0 0 0 0 0 0 0 0 0 0 0 0 0 0 0 0 0 0 0 0 0 0 0 0 0 0 0 0 0 0 0 0 0 0 0 0 0 0 0 0 0 0 0 0 0 0 0 0 0 0 0 0 0 0 0 0 0 0 0 0 0 0 0 0 0 0 0 0 0 0 0 0 0 0 0 0 1 1 0 0 0 0 0 0 0 0 0 0 0 0 0 0 1 0 0 0 0 0 0 1 1 1 0 0 0 0 0 0 0 0 0 0 0 0 0 1 0 0 0 0 0 0 0 0 0 0 0 0 0 0 0 0 0 0 0 0 0 0 0 0 0 0 0 0 0 0 0 1 0 0 0 0 0 0 0 0 0 0 0 0 0 0 0 0 0 0 0 0 0 0 0 0 0 0 0 0 0 0 0 0 0 0 0 0 0 0 0 0 0 0 0 0 0 0 0 0 0 0 0 0 1 0 0 0 1 0 1 0 0 0 0 0 0 0 0 0 0 0 0 0 0 0 0 0 0 0 0 0 0 0 0 0 0 0 0 0 0 0 0 0 1 0 1 1 1 1 1 1 1 1 1 1 0 0 0 0 0 0 0 0 0 0 0 0 0 0 0 0 0 0 0 0 0 0 0 0 0 0 0 0 0 0 0 0 0 0 0 0 0 0 0 0 0 0 0 0 0 0 0 0 0 0 0 0 0 0 0 0 0 0 0 0 0 0 0 0 0 0 0 1 0 0 0 0 0 0 1 0 0 0 0 0 0 0 0 0 0 0 0 0 0 0 0 0 0 0 0 0 0 0 0 0 0 0 0 0 0 0 0 0 0 0 0 0 1 1 0 0 1 1 0 1 0 0 0 0 0 0 0 0 0 0 0 0 0 0 0 0 0 0 0 0 0 0 0 0 0 0 0 0 0 0 0 0 0 0 0 0 0 0 0 0 0 0 0 0 0 0 0 0 0 0 0 0 0 0 0 0 0 0 0 0 0 0 0 0 0 0 0 0 0 0 1 1 0 0 0 1 0 1 0 0 0 0 0 0 0 1 0 0 0 0 1 1 1 1 1 0 0 0 0 1 0 1 0 0 0 0 0 0 0 0 0 0 0 0 0 0 0 0 0 0 1 1 1 0 0 0 0 0 0 0 0 0 0 1 0 0 0 0 0 0 0 0 0 0 0 0 0 0 0 0 0 1 0 0 0 1 0 0 0 0 0 0 0 0 0 0 0 0 0 0 0 0 0 0 1 0 0 0 0 0 0 1 0 0 0 0 0 0 0 1 0 1 0 0 0 1 0 1 0 1 0 0 0 0 0 0 0 0 0 0 0 1 0 1 1 1 0 0 0 0 0 0 0 0 0 1 0 1 0 0 0 0 0 0 0 0 0 0 0 0 0 1 0 0 0 1 0 0 0 0 0 0 0 1 1 0 0 0 1 0 1 0 0 0 0 0 0 0 0 0 0 0 0 0 0 0 0 0 0 0 0 0 0 0 0 0 0 0 0 0 0 0 0 0 0 0 0 0 0 0 0 0 0 0 0 0 0 0 0 1 1 0 0 0 0 0 0 1 1 0 0 0 0 0 1 1 0 0 1 0 0 1 1 1 0 1 0 0 0 0 0 0 0 0 0 0 0 0 0 0 0 0 0 0 0 0 0 0 0 0 0 1 1 0 0 0 0 0 0 0 1 1 0 1 0 1 0 0 0 0 0 0 0 0 0 0 0 0 0 0 0 0 0 0 0 0 0 0 0 0 0 0 0 0 0 0 0 0 0 0 0 0 0 0 0 0 0 0 0 0 0 0 0 1 0 0 0 1 0 0 0 0 0 1 1 0 0 0 0 0 0 0 0 0 0 0 0 0 0 0 0 0 0 0 0 0 0 0 0 0 0 0 0 0 0 0 0 0 1 1 1 1 1 1 1 1 0 0 1 1 0 0 0 0 0 0 0 0 0 0 0 0 0 0 0 0 0 0 0 0 0 0 0 0 0 0 0 0 0 0 0 0 0 0 0 0 0 0 0 0 0 0 0 0 0 0 0 0 0 0 0 0 0 0 0 0 0 0 0 0 0 0 0 0 0 0 0 0 0 0 0 0 1 0 1 0 0 0 0 0 0 0 0 0 0 0 0 1 0 0 0 0 0 0 0 0 0 0 0 0 0 0 1 0 0 0 0 0 0 1 0 1 1 0 0 1 0 0 1 0 0 0 0 0 0 0 0 0 0 0 0 0 0 0 0 0 0 0 0 0 0 0 0 0 0 0 0 0 0 0 0 0 0 0 0 0 0 0 0 0 0 0 0 0 0 0 0 0 0 0 0 0 0 0 0 0 0 0 0 0 0 0 0 0 0 0 0 1 1 0 0 0 1 1 0 0 0 0 0 0 0 0 0 0 0 0 0 0 0 0 0 0 0 0 0 0 0 0 0 0 0 0 0 0 0 0 0 0 0 0 1 1 1 1 0 0 0 0 1 1 0 0 0 0 0 0 0 0 0 0 0 0 0 0 0 0 0 0 0 0 0 0 0 0 0 0 0 0 0 0 0 0 0 0 0 0 0 0 0 0 0 0 0 0 0 0 0 0 0 0 0 0 0 0 0 0 0 0 0 0 0 0 0 0 0 0 0 0 0 1 1 0 0 0 0 0 1 1 0 0 0 0 0 0 0 0 0 0 0 0 1 0 0 1 1 0 1 1 1 1 1 1 0 0 0 0 0 0 0 0 0 0 0 0 0 0 0 0 0 0 1 0 0 1 0 0 1 0 0 0 0 0 0 0 0 0 1 0 0 0 0 1 1 0 1 1 0 1 0 1 1 1 1 0 1 1 1 1 1 0 1 1 1 1 0 0 0 1 1 1 1 1 1 1 1 1 0 1 1 1 1 1 1 1 0 0 0 0 0 0 0 0 0 0 0 1 0 1 0 0 0 0 0 0 0 0 0 0 0 0 0 0 0 0 0 1 0 0 0 0 1 1 0 0 0 1 1 1 0 0 0 0 0 0 0 0 0 0 0 0 0 0 0 1 1 1 1 1 1 0 0 0 0 0 0 0 1 0 1 1 1 0 0 0 0 0 0 0 0 0 0 0 0 0 0 0 0 0 0 0 0 0 0 0 0 0 0 0 0 0 0 0 0 0 0 0 0 0 0 0 0 0 0 0 0 0 0 0 0 1 1 1 0 0 0 1 1 0 1 0 0 0 0 0 0 0 0 0 0 0 1 1 0 1 1 1 0 0 0 0 0 1 0 0 0 1 0 1 0 0 0 0 0 0 0 0 0 0 0 0 1 0 1 0 0 1 0 0 0 0 0 0 0 1 1 1 1 0 1 0 0 0 0 0 0 0 0 0 0 0 0 0 0 0 0 0 0 0 0 0 0 0 0 0 0 0 0 0 0 0 0 0 0 0 0 1 0 0 0 0 0 0 0 0 1 0 0 0 0 0 0 1 0 0 0 0 0 1 0 1 1 0 0 0 1 1 0 1 1 0 0 0 0 1 0 0 0 0 0 0 0 0 0 1 0 0 0 0 0 0 0 0 0 0 0 0 0 0 0 0 0 0 0 0 0 0 0 0 0 0 1 1 1 1 0 1 0 0 0 0 0 0 0 0 0 0 0 0 0 0 0 0 0 0 0 0 0 0 0 0 0 0 0 0 0 0 0 0 0 0 0 0 0 0 0 0 0 0 0 0 0 0 0 0 0 1 0 0 0 0 1 0 0 0 0 0 0 0 1 0 1 0 0 0 0 0 0 0 1 0 0 0 0 0 0 0 0 0 0